uo201.1985001.xyz:66
nas.swes.cn:8089
xdnas.teop.cn:8189
nas.cdbackup.cn:8888
nas.uclive.site:8000
xcarchain.com:8888
marswjf.coralangel.com:7088
izihao.cn:9977
home.yixi.pro:10043
shawn1057.myqnapcloud.com:4022
nas.yzs10000.com:17777
pve.cdbackup.cn:8888
izihao.cn:9977
marswjf.coralangel.com:7088
xdnas.teop.cn:8189
nas.uclive.site:8000
xcarchain.com:8888
nas.swes.cn:8089
home.yixi.pro:10043
uo201.1985001.xyz:66
nas.yzs10000.com:17777
171.213.233.16:4022
