uo201.1985001.xyz:66
xdnas.teop.cn:8189
nas.cdbackup.cn:8888
xcarchain.com:8888
izihao.cn:9977
home.yixi.pro:10043
nas.yzs10000.com:17777
pve.cdbackup.cn:8888
izihao.cn:9977
xdnas.teop.cn:8189
nas.uclive.site:8000
xcarchain.com:8888
home.yixi.pro:10043
uo201.1985001.xyz:66
nas.yzs10000.com:17777
